POWER   10EF    0001 0000 1110 1111

RED     F00F    1111 0000 0000 1111
BLUE    24DB    0010 0100 1101 1011
YELLO   6897    0110 1000 1001 0111
GREEN   B847    1011 1000 0100 0111

SLOW    A45B    1010 0100 0101 1011
FAST    08F7    0000 1000 1111 0111

LIGHT   E817    1110 1000 0001 0111
DARK    7887    0111 1000 1000 0111

1 - 1   6498    0110 0100 1001 1000
1 - 2   F807    1111 1000 0000 0111
1 - 3   18E7    0001 1000 1110 0111
1 - 4   8877    1000 1000 0111 0111

2 - 1   E41B    1110 0100 0001 1011
2 - 2   04FB    0000 0100 1111 1011
2 - 3   9867    1001 1000 0110 0111
2 - 4   48B7    0100 1000 1011 0111

3 - 1   14EB    0001 0100 1110 1011
3 - 2   847B    1000 0100 0111 1011
3 - 3   58A7    0101 1000 1010 0111
3 - 4   C837    1100 1000 0011 0111

4 - 1   54AB    0101 0100 1010 1011
4 - 2   C43B    1100 0100 0011 1011
4 - 3   38C7    0011 1000 1100 0111
4 - 4   A857    1010 1000 0101 0111

